Adair 94 42 94 14 41 31 41 09 30 7463
Adams 94 56 94 28 41 10 40 54 31 3659
Allamakee 91 37 91 03 43 30 43 05 85 14200
Appanoose 93 06 92 38 40 54 40 35 67 12083
Audubon 95 05 94 42 41 52 41 30 20 5591
Benton 92 18 91 49 42 18 41 52 72 25829
Black_Hawk 92 33 92 04 42 39 42 18 71 133517
Boone 94 10 93 42 42 13 41 52 36 26891
Bremer 92 33 92 05 42 54 42 39 70 25352
Buchanan 92 05 91 35 42 39 42 18 79 20741
Buena_Vista 95 23 94 55 42 55 42 33 17 20934
Butler 93 02 92 33 42 54 42 33 61 14087
Calhoun 94 54 94 24 42 34 42 12 27 9632
Carroll 95 06 94 38 42 13 41 51 19 20302
Cass 95 09 94 42 41 31 41 09 21 12917
Cedar 91 22 90 53 41 57 41 36 89 18193
Cerro_Gordo 93 30 93 01 43 15 42 54 51 42516
Cherokee 95 52 95 23 42 55 42 33 8 11664
Chickasaw 92 33 92 05 43 13 42 54 69 11744
Clarke 94 01 93 33 41 10 40 54 48 9417
Clay 95 23 94 55 43 16 42 54 16 16418
Clayton 91 37 90 53 43 05 42 39 86 16877
Clinton 90 54 90 08 42 02 41 44 95 45896
Crawford 95 40 95 05 42 13 41 51 10 16618
Dallas 94 17 93 48 41 52 41 30 37 119093
Davis 92 38 92 11 40 54 40 35 76 9221
Decatur 94 01 93 33 40 54 40 34 49 7531
Delaware 91 37 91 07 42 39 42 18 87 17635
Des_Moines 91 25 90 56 41 04 40 42 97 38462
Dickinson 95 23 94 55 43 31 43 15 15 18229
Dubuque 91 09 90 28 42 40 42 18 93 99496
Emmet 94 55 94 27 43 30 43 15 24 9047
Fayette 92 05 91 36 43 05 42 39 78 19065
Floyd 93 02 92 33 43 13 42 54 60 14750
Franklin 93 30 93 02 42 55 42 33 52 10153
Fremont 95 53 95 23 40 55 40 34 14 6520
Greene 94 38 94 10 42 13 41 51 28 8727
Grundy 93 02 92 32 42 33 42 13 62 12398
Guthrie 94 44 94 15 41 52 41 30 29 10785
Hamilton 93 58 93 28 42 34 42 12 44 14864
Hancock 93 58 93 30 43 15 42 54 42 10601
Hardin 93 30 93 00 42 34 42 12 53 16405
Harrison 96 07 95 31 41 53 41 29 5 14614
Henry 91 43 91 22 41 10 40 49 92 19149
Howard 92 33 92 05 43 30 43 13 68 9363
Humboldt 94 27 93 58 42 55 42 38 34 9670
Ida 95 44 95 20 42 34 42 12 9 6785
Iowa 92 18 91 49 41 52 41 31 73 16460
Jackson 90 54 90 08 42 22 42 02 94 19427
Jasper 93 21 92 45 41 52 41 30 55 38223
Jefferson 92 11 91 43 41 10 40 54 83 15936
Johnson 91 50 91 21 41 52 41 26 81 161958
Jones 91 22 90 53 42 18 41 57 88 21315
Keokuk 92 25 91 56 41 31 41 10 74 9763
Kossuth 94 27 93 58 43 30 42 54 33 14406
Lee 91 44 91 07 40 49 40 23 98 32243
Linn 91 50 91 21 42 18 41 52 80 234122
Louisa 91 30 90 56 41 25 41 05 91 10720
Lucas 93 33 93 06 41 10 40 54 57 8741
Lyon 96 35 95 52 43 31 43 14 0 12468
Madison 94 14 93 47 41 31 41 09 38 17323
Mahaska 92 52 92 24 41 31 41 10 65 22101
Marion 93 20 92 52 41 31 41 10 56 34378
Marshall 93 14 92 46 42 13 41 52 54 40554
Mills 95 52 95 23 41 10 40 53 13 14792
Mitchell 93 01 92 33 43 30 43 13 59 10720
Monona 96 20 95 40 42 14 41 51 4 8355
Monroe 93 06 92 38 41 10 40 54 66 7260
Montgomery 95 23 94 56 41 10 40 54 22 9978
Muscatine 91 22 90 47 41 36 41 20 90 41948
Obrien 95 52 95 23 43 16 42 54 7 14453
Osceola 95 52 95 23 43 31 43 15 6 6056
Page 95 23 94 55 40 55 40 34 23 15064
Palo_Alto 94 55 94 27 43 16 42 54 25 8811
Plymouth 96 38 95 52 42 56 42 32 2 25885
Pocahontas 94 55 94 27 42 55 42 33 26 6988
Polk 93 49 93 20 41 52 41 29 46 524883
Pottawattamie 96 00 95 09 41 32 41 08 12 93705
Poweshiek 92 46 92 18 41 52 41 31 64 18411
Ringgold 94 28 94 01 40 54 40 34 40 4570
Sac 95 23 94 52 42 34 42 12 18 9403
Scott 90 55 90 19 41 46 41 27 96 176613
Shelby 95 33 95 03 41 52 41 30 11 11819
Sioux 96 33 95 52 43 17 42 53 1 36709
Story 93 42 93 14 42 13 41 52 45 103495
Tama 92 46 92 18 42 18 41 52 63 16689
Taylor 94 55 94 28 40 54 40 34 32 5733
Union 94 28 94 01 41 10 40 54 39 11997
Van_Buren 92 11 91 43 40 54 40 36 84 7168
Wapello 92 38 92 11 41 10 40 54 75 35945
Warren 93 47 93 20 41 31 41 10 47 57388
Washington 91 57 91 29 41 31 41 10 82 22708
Wayne 93 33 93 06 40 54 40 35 58 6702
Webster 94 26 93 56 42 39 42 12 35 35165
Winnebago 93 58 93 30 43 30 43 15 41 10203
Winneshiek 92 05 91 36 43 30 43 05 77 19718
Woodbury 96 29 95 40 42 35 42 11 3 107970
Worth 93 30 93 01 43 30 43 15 50 7292
Wright 93 58 93 30 42 55 42 33 43 12714